5.52805880545112 -0.970449695661576
5.4862343213131 -0.969549356510932
5.48243336703844 -1.0042220154737
5.50101035587616 -0.914917509655573
5.41775879218399 -0.908798338466569
5.51903403195205 -0.927943451532797
5.48854338418321 -0.928899612705575
5.55856051134442 -0.88107733830846
5.49391421883365 -0.89151556112188
5.60970747119732 -0.889744012793675
5.52263569082744 -0.803645902904899
5.47213667340418 -0.815192800772931
5.60183856995137 -0.80134133768895
5.51299395281473 -0.809824384524465
5.40951380335856 -0.784482106911095
5.44052535756695 -0.696659416409662
5.45169124486131 -0.680715924754824
5.53171606255633 -0.697339398765925
5.48296620868671 -0.617006351322443
5.46204870311944 -0.542866364745898
5.49420185589109 -0.521999644623382
5.48220281456863 -0.525759441939722
5.52241390086183 -0.647638957054844
5.49419362220077 -0.588876570828532
5.42618831447282 -0.516068276130274
5.47835851255185 -0.582080746338389
5.5133932134488 -0.442560031778923
5.49291734501622 -0.508502864415065
5.61578766613335 -0.484797594200805
5.48885671136545 -0.430017044771845
5.5481859837198 -0.49664535457559
5.54798608080315 -0.420026074026541
5.50144222466442 -0.423411136144255
5.48200822011739 -0.410765423795992
5.49899080500743 -0.392928087364747
5.51173878156241 -0.383373215027005
5.45775335064662 -0.354667384242887
5.5101267915591 -0.277512567804311
5.47838280217302 -0.338150339777831
5.41937276741798 -0.241849999777587
5.41165918540041 -0.264749549264411
5.49383739162077 -0.126093746839783
5.46480104195492 -0.198761136406566
5.50975918049889 -0.215127864728196
5.50265211258523 -0.121149411510786
5.51998254851975 -0.200909532701277
5.41997476165696 -0.153479096408706
5.49015495535698 -0.00536855982069534
5.46364962573931 -0.0927180808652672
5.54685441849294 0.0608472281523191
5.58504799104904 -0.125845118582417
5.55513654651356 -0.0155324049550419
5.48935183126856 0.124134884476729
5.38838646267631 0.0343953726314687
5.59580503152538 0.149520544058476
5.50861010275469 0.112156402235231
5.5668103927053 0.147457207214509
5.52600149924586 0.195530898067389
5.47618688399956 0.143348879403963
5.46735366990765 0.204597883028271
5.49128926310085 0.213744291185423
5.50150466190432 0.195382570712621
5.43015804238469 0.217135761670466
5.50747669733449 0.20231875873085
5.46563449464488 0.26165519774875
5.54117493118228 0.216595032147945
5.49087012515614 0.272141712895484
5.51940082544253 0.334712226369488
5.47845964675564 0.310236966380524
5.51554241371277 0.390703277206429
5.48247633403408 0.340725189893326
5.53742667665753 0.33162095138477
5.58056543471129 0.429326110735816
5.55207618500752 0.474808207537942
5.52746115191629 0.443122048576471
5.52698766262868 0.498632142266606
5.47709859272397 0.515603667727262
5.45903199494701 0.483773802748554
5.5246964373372 0.506230179099623
5.43141727351466 0.495508742713317
5.42310519741397 0.461331188249345
5.44905310719518 0.545586689414128
5.43534767656327 0.580820272671203
5.39647946701109 0.651465450927305
5.45524227379522 0.65123119758305
5.48119656436037 0.592172623592622
5.47372067066948 0.637715487285571
5.4853298513956 0.723581627912016
5.50445219362203 0.719104042234057
5.50692329357695 0.685303590505321
5.53019000120026 0.781758859450373
5.45699172836357 0.723982402572565
5.55876114228781 0.757689435682874
5.52309625153049 0.805905005289959
5.50746768255477 0.87485938379831
5.51691132455096 0.82039209552833
5.49291298656575 0.775467175565432
5.52285360345702 0.807430161638236
5.62443377045617 0.875081510755412
5.50347282623694 0.90887233523164
5.51252653875339 0.959469347574786
5.50012688559366 0.958612774872629
5.46602853998654 0.983262272906796
5.50282927054029 0.993716222903539
5.52805880545112 1.02955030433842
1.74195971966233 1.44484427212354
2.83022583738696 -2.38274624035965
3.79715818102289 2.74105527955313
1.61186012584424 -1.46027887872121
1.48008330284495 1.59174731459388
1.05084230425257 0.500862180288339
1.60450950637066 1.49144344238844
1.86110050329126 2.01530448524787
1.00905348791303 0.222880912092558
1.28007925196004 1.1652271174639
2.13594260886562 2.01130600258121
3.96198612949315 3.29185847121216
1.14022270577325 -0.621841614728976
1.07013150264352 0.676381742248327
1.37714996824575 -1.20723194345942
1.74826984395268 1.565693291237
2.21158390809976 2.18472461539272
2.57138732987926 -2.35179798079259
1.25328888488639 1.23674083203978
1.55985237565618 1.38219095388812
4.00257719692629 3.07921488741533
1.41155360775761 -1.18263874157865
2.69720913397305 -2.57633580557073
3.72571206287919 3.05299277949983
2.06806211181359 1.97438207103531
1.10911140547214 -0.775652382924761
2.65095819690257 2.46520202440409
1.05206755677108 -0.325580693250907
1.87056411309647 1.51025065420381
4.05641023009364 -2.92325021604589
1.04245315701411 -0.300534445210113
3.47773055269035 2.8863320979637
2.78142779607685 -2.36762989431846
3.42610433729624 2.79706015693597
1.53245450648501 1.12707406314734
4.44895520815728 -3.68955705669452
4.49678349527769 -3.64474420972311
3.70703604890864 -2.7513902567339
1.38662987192929 0.920409839069273
3.51856280399753 -3.03879132049053
4.05809652365741 -3.34629393342558
1.00198859642808 -0.32988051790059
1.10497232382592 0.446399661365894
1.06704527655942 0.670631557749846
1.80716176573364 -2.01405183869
1.06711075670197 -0.390481449070402
3.35808071767188 -2.76781483448608
1.03783142930362 -0.376295049725219
2.26820984087097 -2.21185422481653
3.62914850277166 3.0514116193507
1.10424187672488 -0.584615365397597
2.14135305450684 1.97319777165015
2.45852330197213 2.35113064437263
3.51264443198112 -2.90926766077265
2.45356148924498 -2.18146283377504
2.75275250053997 2.27542994718625
1.35447173503119 -1.41087220034103
2.00034107306979 1.94933625541487
1.75573413710689 -1.72556799541441
1.38299535133067 -1.15837712443738
1.38995077450863 0.778879136766498
2.40101267980477 -2.23015320240349
1.01715121154336 0.239247352857185
1.0270898918082 0.200034257758561
1.05016610607511 0.0641495788842444
2.38908370707151 2.08221703467736
2.01547852557329 -2.04441914743982
1.062483163384 -0.284350434711603
1.88907068619409 1.7402711927492
1.91647006087818 1.60454578060162
3.73152049583887 3.2837471911432
1.15038565267902 0.554212392307062
1.76465527329538 1.6472304375537
2.21169926277689 1.89455510112227
1.58482781367055 1.05094331281163
1.01546307247348 -0.0716207383540135
1.00894893113002 -0.119513509327511
1.04576502981237 0.359200012020668
1.80911971522126 1.62209644178353
1.02772246036148 -0.872260735700987
1.67155042033118 -1.47406991767557
1.67358101804311 -1.53067877682394
1.24254333264695 0.814118101930933
4.16569395479793 3.55715901750885
3.92370336493694 -3.40539235998182
1.49675740498373 -1.07543436737566
4.49922501069426 3.1738929452541
1.29036774748816 1.16882993086201
2.87635857841702 2.81642251877686
1.10383155222508 -0.631157716651468
1.00182818122332 -0.133842015125471
1.00007869849985 -0.104288245089926
2.33440789422935 -2.43273003165031
2.78970451605602 -2.64727791117287
2.35531281128027 -1.90620908591297
3.59827968055549 2.83982930541756
3.43521002022861 3.00203231111401
1.12378374631088 -0.648894162485039
1.07754971777395 -0.318526761848761
1.70499085394475 -1.56171828949567
1.00966538966966 0.550275131592209
1.35339127043778 1.19153032934732
1.43728019492852 1.16746742386344
1.70273592753424 1.50153739035411
1.85849904522887 1.56678750193294
1.02605210048796 0.450184219746929
2.32078233697965 -2.53790625040214
1.14166328738037 0.707257112686725
1.34825436352793 1.39952034542256
1.12712674107741 -0.588017652011087
3.1601795621598 -2.71278948479052
2.131759635039 -1.71100636929699
3.07569176030654 2.74022367138886
1.01187547106221 0.379010408632414
4.42701479977266 -3.44594974691636
2.28548114614754 2.19321141320206
1.0306377397596 0.406178039602753
1.02152427157956 -0.0935298491809367
2.9547327654446 2.55732990129741
4.46459191159686 -3.53487297393626
1.46581031890687 1.40231273460153
4.31467222130019 3.39945498590753
1.00761988824549 0.131885324893216
3.0991428140203 2.69291047118057
2.23461339599761 1.91618984025092
4.21958874993746 -3.33932409134295
4.37116498270843 -3.57405521661045
3.30700886494329 2.80587692555876
2.22003532885052 -2.02549270333131
1.06887528660884 -0.648662139132227
2.24776440888734 -2.02839741929235
1.49000669164502 1.4108999465309
1.52719577524688 1.12306812442093
1.68047958374446 1.89071204374963
1.21707728069531 -0.786713976296349
1.3229375665128 -1.12165051136418
1.14184211000453 -0.575222464774208
1.40107152578825 -1.3017342595885
3.46774212036127 -3.17695382414673
3.87840486694755 2.95884902350861
1.61533883757246 -1.61389701558419
1.64058034381326 -1.17064356436142
2.07703243291376 -2.18441262335536
3.82463715514511 3.07444775712781
1.14851941719176 0.646285698314651
2.95194884302696 2.36732185050599
1.82681593805432 -1.86087189765834
1.55447139429554 -1.20685613802608
1.12461972875157 -0.993689478287054
1.00523403056324 0.229518736607379
1.78164676571214 1.75905225740248
1.01792864950116 0.238086849167824
1.0937368398673 -0.677805554612177
1.03898232474206 0.387303845432045
1.05367054236187 -0.414003141252735
1.01890689748442 -0.28272906789149
1.00269975567378 -0.00546349720008133
1.07573901679171 0.571108916232138
3.73372261377154 3.16730126866529
4.40196092962882 -3.65202163171397
4.01096481656482 -3.54331365188125
3.3765125013563 2.96224710063869
3.63120648280361 -3.13387115027969
1.01573378214282 -0.235250739355819
3.28028261150964 -3.21444372135475
3.20420322953654 2.76177852172575
2.84663352361505 2.53652454707217
2.00650233472172 -1.98478678680196
1.29424246965192 -1.36968931570649
3.05953365384692 2.56211001428621
4.25523259714059 -3.5345655776491
1.02086747105832 -0.0869582720775437
1.14039547853563 0.677244622267023
1.54844597030611 1.19903796040889
3.83112310715593 -2.95607523729747
2.22028041606292 1.89534801151528
2.51200643578915 2.31173197814937
2.72709799268764 -2.62342720530226
3.92868493312734 2.82186927052118
1.09297708605955 0.731473721576421
3.06945759086131 -2.63383647007678
4.32645511355053 -3.45314632836925
1.80305521433198 -1.73724643806502
3.84832859661729 -3.7181626694325
2.4030990822329 2.27508319461858
4.49040114163872 -3.49044986957221
2.95342220355049 2.50752100694807
1.95107775810022 2.05299861097523
3.30204213573377 2.63201921801777
3.96808898109298 3.46623511545526
4.13368308096051 2.98606106752331
2.82229145535858 -2.36475496724288
1.35119970418694 -0.854935547601306
3.36720197417404 -2.90672592344603
1.92828569082268 -1.85634879483716
3.3248332146382 -2.94021976250654
1.54929177123751 1.11493729335835
1.14497427008784 0.567840825088632
1.37695843575961 -0.876861142538084
1.90284416818219 1.60183294582898
1.00272060854638 0.180155702813058
2.3302250949859 -2.14840957486037
1.40472023523364 1.39263373821946
1.89117256687478 1.77519784892235
1.04531929566555 -0.0319192835617261
3.59377485489656 -2.93362312932991
1.49892107180395 1.25178904403905
3.23737060245987 -2.865122214823
7.25804028033767 -1.40579924758223
6.16977416261304 2.51801977800987
5.20284181897711 -3.06629005805277
7.38813987415576 1.28042799047429
7.51991669715505 -1.22882506890659
7.94915769574743 -0.526373384027862
7.39549049362934 -1.35085137186207
7.13889949670874 -1.89846225671518
7.99094651208697 -0.22294431124324
7.71992074803996 -1.02936663708649
6.86405739113438 -1.89491824527543
5.03801387050685 -3.05348197755271
7.85977729422675 0.524759545537266
7.92986849735648 -0.496675890952199
7.62285003175425 1.24063351744875
7.25173015604732 -1.85483014467399
6.78841609190024 -1.99239847580887
6.42861267012074 2.23394217082799
7.74671111511361 -0.91459079101968
7.44014762434382 -1.32420378082921
4.99742280307371 -3.08514948222775
7.58844639224239 1.25577260081837
6.30279086602695 2.4517703568231
5.27428793712081 -3.07676660865044
6.93193788818641 -1.75242188479103
7.89088859452785 0.4948295111854
6.34904180309743 -2.38462770667141
7.94793244322892 0.115509361294316
7.12943588690353 -1.9325256110532
4.94358976990636 3.24558773429952
7.95754684298589 0.199036858766377
5.52226944730965 -2.80780423196791
6.21857220392315 2.75392257741379
5.57389566270376 -3.03013268048309
7.46754549351499 -1.5180550566696
4.55104479184272 3.4844042725992
4.50321650472231 3.72389489948358
5.29296395109136 3.27806174679735
7.61337012807071 -1.25688258262673
5.48143719600247 2.65684185583845
4.94190347634259 3.10043816671777
7.99801140357192 0.00206217183819196
7.89502767617408 -0.571112813332559
7.93295472344058 -0.696117132469262
7.19283823426636 1.69119198848744
7.93288924329803 0.356976353037455
5.64191928232812 3.11056791567378
7.96216857069638 0.480016278400159
6.73179015912903 1.95845001224723
5.37085149722834 -2.71595147559493
7.89575812327512 0.863657387991488
6.85864694549316 -2.06128332630334
6.54147669802787 -2.32815599885395
5.48735556801888 2.93069017134494
6.54643851075502 2.47219975312765
6.24724749946003 -2.47343272952298
7.64552826496881 1.29427412482274
6.99965892693021 -1.6628382467403
7.24426586289311 1.62544955736722
7.61700464866933 1.32222328565777
7.61004922549137 -1.14645461872052
6.59898732019523 2.22890014846025
7.98284878845664 -0.130755068904096
7.9729101081918 -0.463684114048787
7.94983389392489 -0.331921660661098
6.61091629292849 -2.14173376375744
6.98452147442671 1.84496846092587
7.93751683661599 0.642558113102647
7.11092931380591 -1.70264170424647
7.08352993912182 -1.68609173417056
5.26847950416113 -2.94422233600039
7.84961434732098 -0.659778923194178
7.23534472670462 -1.78735289245985
6.78830073722311 -1.95669797544067
7.41517218632945 -1.45383232658475
7.98453692752652 0.0473553093924584
7.99105106886998 0.1042148828215
7.95423497018763 -0.293544763225476
7.19088028477874 -1.75121266628836
7.97227753963852 0.520550829602434
7.32844957966882 1.60346749768862
7.32641898195689 1.60644306121974
7.75745666735305 -0.686076693876113
4.83430604520207 -3.23114224448714
5.07629663506306 3.23020528891975
7.50324259501627 1.3999242387245
4.50077498930574 -3.5121504282098
7.70963225251184 -0.957770794490899
6.12364142158298 -2.59145142300266
7.89616844777492 0.316156348188902
7.99817181877668 -0.0252855783377301
7.99992130150015 -0.21601229316342
6.66559210577065 2.07236788141667
6.21029548394398 2.18896110836944
6.64468718871973 1.96931899065225
5.40172031944451 -3.19287258440962
5.56478997977139 -3.18386094122364
7.87621625368912 0.694201109471516
7.92245028222605 0.74844310046194
7.29500914605525 1.63947898983491
7.99033461033034 -0.367051479773247
7.64660872956222 -1.03195532390872
7.56271980507148 -1.42751740133565
7.29726407246576 -1.44067783226195
7.14150095477113 -1.52774247739163
7.97394789951204 -0.314910682096707
6.67921766302035 2.2126714719025
7.85833671261963 -0.887108000933641
7.65174563647207 -1.03659809973527
7.87287325892259 0.562506448271564
5.8398204378402 2.85338155531689
6.868240364961 1.82784859782969
5.92430823969346 -2.74028707053954
7.98812452893779 -0.243149928255003
4.57298520022734 3.56233750422213
6.71451885385246 -1.95483491954261
7.9693622602404 -0.503260108794463
7.97847572842044 0.273235700477065
6.0452672345554 -2.52392832730808
4.53540808840314 3.24573612049927
7.53418968109313 -1.20998659501768
4.68532777869981 -3.51731079587214
7.99238011175451 0.190264716126887
5.9008571859797 -2.63492329812166
6.76538660400239 -1.92212443506334
4.78041125006254 3.41245795058267
4.62883501729157 3.44948976786282
5.69299113505671 -2.82965075470937
6.77996467114948 2.24745288957558
7.93112471339116 0.367839267392866
6.75223559111266 2.10897173702503
7.50999330835498 -1.62097127848749
7.47280422475312 -1.54534308127032
7.31952041625554 -1.568374525496
7.78292271930469 0.685216389852614
7.6770624334872 1.20017837735997
7.85815788999547 0.961515147869536
7.59892847421175 1.06866173604138
5.53225787963873 2.78597283062447
5.12159513305245 -3.16400180760393
7.38466116242754 1.69304770534466
7.35941965618674 1.69731505442486
6.92296756708624 1.8479398797979
5.17536284485489 -3.45639722177989
7.85148058280824 -0.89214146502246
6.04805115697304 -2.69514019656839
7.17318406194568 1.73615874569167
7.44552860570446 1.18137056330666
7.87538027124843 0.670829628084501
7.99476596943676 -0.263023832640327
7.21835323428786 -1.41629917621478
7.98207135049884 -0.134365620492885
7.9062631601327 0.424401342042875
7.96101767525794 -0.0518437016762709
7.94632945763813 0.693045163846626
7.98109310251558 0.194643513238299
7.99730024432622 0.0284381427187678
7.92426098320829 -0.54968640565985
5.26627738622846 -2.87656434931267
4.59803907037118 3.45401884937724
4.98903518343518 3.42671557636295
5.6234874986437 -2.67574909196411
5.36879351719639 3.0337527122325
7.98426621785718 0.399096900576206
5.71971738849036 2.84686823940073
5.79579677046346 -2.76303157566899
6.15336647638495 -2.42803226311908
6.99349766527828 1.72113693051174
7.70575753034808 1.10191723392964
5.94046634615308 -2.62162674336629
4.74476740285941 3.33511489113515
7.97913252894168 0.445165950468587
7.85960452146437 -0.639615133764291
7.45155402969389 -1.28058391397784
5.16887689284407 3.29560009244029
6.77971958393708 -2.00091454240239
6.48799356421085 -2.45185443305551
6.27290200731236 2.56128433098385
5.07131506687266 -3.22475828429431
7.90702291394045 -0.755739150537976
5.93054240913869 2.61853784357077
4.67354488644947 3.51880157716445
7.19694478566803 1.60813021356019
5.15167140338271 3.36645276333395
6.5969009177671 -2.14568561460554
4.50959885836128 3.56621415396801
6.04657779644951 -2.37947959889325
7.04892224189978 -1.72698183795351
5.69795786426623 -2.80720628907984
5.03191101890702 -3.14174524410642
4.86631691903949 -3.32431855047902
6.17770854464142 2.57581410361399
7.64880029581306 1.0799066433755
5.63279802582596 2.59172455498346
7.07171430917732 1.69722120137396
5.6751667853618 2.61991922425319
7.45070822876249 -1.475299443592
7.85502572991216 -1.02615762789206
7.62304156424039 0.939971047277359
7.09715583181781 -1.95487622482104
7.99727939145362 -0.361984332922685
6.6697749050141 2.19371652184685
7.59527976476636 -0.962717399606278
7.10882743312522 -1.69743714858311
7.95468070433445 0.215142935380689
5.40622514510344 3.09319813476851
7.50107892819605 -1.51183902151127
5.76262939754013 2.92598177291517
8.89810392512229 1.0432981502505
9.01129092294541 1.00622825064126
9.18268446638834 1.07016565495157
9.05588213005157 0.972074980131093
9.04887006825637 1.01133090312678
9.10880685586788 0.914563289087924
9.13772553738116 0.957522399343554
9.15521842502288 0.974057609180683
9.14155369658219 0.930139600773918
9.15714967808321 1.04419190784439
9.21528865937795 0.95336375744564
9.2858898060218 0.986156780346586
9.20747936837218 0.952375582103125
9.32491884461003 0.968473055656614
9.25236327461732 1.02817268377873
9.24525760090902 1.05493056852848
9.30534500631316 0.959290607128714
9.32772669291782 0.985323696328818
9.34914556389408 1.00596557211353
9.38561596981905 1.03115047822145
9.36601383132612 1.05985764255675
9.45493296062204 1.03273256685945
9.43448779759394 0.99450256518906
9.46019425708938 0.992118587581986
9.48532516846814 0.985385938276665
9.50522009453261 1.05166225422787
9.41982381269534 0.929198950928672
9.48652312999211 0.934267481100328
9.52308613641415 0.956817958240943
9.56045664595047 1.04491462138793
9.67938029302886 1.01111209323947
9.54930400469517 1.02676423434201
9.59071489988849 0.946547654378199
9.51622265502562 1.00515867960273
9.69618552450677 1.06654146520657
9.69460880720593 0.999952055265154
9.74332386896692 1.09860675755037
9.72179381284173 1.047735131866
9.79189314865565 1.05894376775474
9.71457304764899 0.966741381481229
9.82171579346029 0.989749087231997
9.69801536486554 1.05573132401487
9.81372270202365 1.00303139550453
9.7728596078881 1.06913666117234
9.86544250783157 0.97581721366449
9.91986527191847 1.0316345601381
9.85250013008516 0.950862521340202
9.91606638398312 1.06199321160813
9.95477683623023 1.01027378482938
9.91198206086191 0.995689402547837
10.0187302014898 1.03062196282615
9.9799875773802 0.998283621080079
9.93318556050919 0.902160109251886
8.99657418333324 0.957909951538028
8.97757856685953 0.973170569411973
9.05181879577958 1.08100336512081
9.0992168393274 0.942649559716055
9.11498189564112 0.961709580501193
9.12070448046234 0.952171631383619
9.18710210555351 1.01702346466856
9.09472102069447 0.983548628854983
9.0589295633046 1.0151036328246
9.2027101717784 1.00646367231164
9.1989512461378 0.975840996779008
9.24250400220554 0.968762111841874
9.1980413852311 0.953208502284709
9.25273567119986 0.977995608244928
9.24158743200612 1.01193507534662
9.28941305159699 0.938550431034879
9.31237342458188 1.02585717292032
9.2711458767298 1.08493743720475
9.32407257481537 0.950939247825408
9.44275343214312 1.01580592105114
9.40382525847394 0.93641181798326
9.33451607299279 0.964607493502475
9.44384042989554 1.05366188381717
9.37449990347471 0.915337558212965
9.48026133054498 0.938446684516313
9.57701870246385 1.00942101365918
9.52413487283235 1.07733618523014
9.47357591373925 1.01347502151356
9.53410272865563 0.993227584216755
9.59854119106778 0.938460244625531
9.63685663467687 0.930932797468079
9.64782212668833 1.02435249899828
9.57545973404322 0.969410858502957
9.65815558373758 0.993387349754177
9.65412215996205 1.02594661522858
9.64564241238838 1.00689278899368
9.7202017536569 1.02217016609952
9.67117470770773 0.964808602236717
9.72946635646146 0.979577063363697
9.83400885622379 1.00248968317586
9.81596368055111 1.00329373300284
9.82552542807171 0.970191745883982
9.84812673114207 1.04131839498135
9.87140765660908 1.00642389638564
9.78646525289004 1.06120785321273
9.91831157634576 0.999722173110533
9.79026944016011 0.970005470713191
9.92492498151953 0.981474478187023
9.9934794014942 0.996881235371712
9.90126883640255 1.07883581480723
10.0176411753156 0.968922824539067
9.06037809105625 -1.11627247814906
8.9780117511118 -1.03255702217182
8.91951459224344 -0.85278795213752
8.98446503922977 -0.92792785073847
9.02743658208387 -0.887040474054113
8.98608204019317 -0.903735363060913
8.95011841676833 -0.893164551547566
9.02541663798647 -0.910620611239278
8.9305095637542 -0.815240914846348
9.08474558385847 -0.818329552099722
9.04939974750621 -0.835369458480651
9.03485085733919 -0.70904674476367
8.98712210953821 -0.745121232246137
9.01635234755518 -0.801288302730043
8.92317897048247 -0.71736922858237
8.93277932128377 -0.691654807677705
9.03708117270802 -0.651813903466982
8.97385208266299 -0.614405065339355
8.9974962736431 -0.58311476014818
9.10389057306221 -0.640164468360731
8.93417736108816 -0.560293130747781
9.01744913715407 -0.541229164129718
8.93493893443073 -0.557577911426273
9.04585164622488 -0.456114611276599
9.03911660094838 -0.584327909381311
8.97593357566822 -0.501318167285149
9.02162983662109 -0.543185603939332
9.04681278688752 -0.505344549053706
8.92087177738606 -0.477704348766671
8.96008772090234 -0.455188154675436
8.96168091847213 -0.440548470947542
8.98984051924494 -0.389341476951848
9.02876074909073 -0.353400986593351
8.97089701071499 -0.347384738419799
9.04813111938513 -0.349622582163623
9.0631196288442 -0.277840033571084
9.02629001232041 -0.409004321047103
8.93994413472916 -0.180170996138694
8.99579232830034 -0.223492347776277
8.99019994210067 -0.26888817528955
8.97645584093463 -0.190530923090927
9.08850124101704 -0.203950564677019
8.94302579421945 -0.165400574731335
9.09277649292299 -0.223572252687655
8.92607787843896 -0.22277104207014
9.02727025469819 -0.252261336500361
8.96173817096751 -0.152995339187023
8.97445476228685 -0.0580572145134063
8.90277329682038 -0.102797471304924
8.9884815858817 0.00657469724728131
8.98199553257995 -0.0567945767888012
9.07290058222134 0.0625961463149005
9.0434485767421 -0.00164066970959383
9.08230762667632 0.0152328675667533
8.95924628771175 -0.109455358406013
9.01401672013283 0.0474424219670631
9.05642053407069 0.101204349445832
9.01179178867729 0.186723211689316
9.03628298560659 0.205313816648318
9.06386356011684 0.0959983887904111
8.94471983147704 0.153951999129817
8.95358924814493 0.200369297285477
8.96567987644469 0.189637567412226
9.02554861112126 0.251736250913364
8.95564595992756 0.157496157839865
9.06943570110396 0.275166084425173
8.99858267468052 0.351885433591582
8.98706457936421 0.238382613721877
9.00900559179127 0.314261375699205
8.975602988149 0.291231089936149
9.00311676840943 0.31706989805866
9.05484217826474 0.337124600323889
9.00483483119152 0.45400374362986
9.07790656274884 0.452863084194413
9.04142658816509 0.417814235318945
9.01162207270627 0.482777095662041
9.03868093985466 0.459932466508646
8.92918959021824 0.467479633565305
9.04947841969794 0.492948622146584
9.00286354324031 0.587094092538428
9.05383405218904 0.575042520970342
9.03682936471281 0.617291680364529
9.09615372743285 0.582875126769661
9.01115290108948 0.581834758097813
9.04040670840645 0.572889106157856
9.05767631700083 0.681295356032681
9.05686744125868 0.73953434648664
9.00331282744494 0.587835905493699
8.98982221053272 0.581126094060769
8.96098325147848 0.723381044835186
8.97775530800151 0.741920761776078
9.06445999315278 0.794378972354049
9.01477887255671 0.750403368172406
9.04580346892241 0.742894387701864
9.03207328887604 0.826694310340985
8.94789721043882 0.886349771390038
8.95988201261328 0.811235916147612
8.97759985064983 0.819263026620751
8.99658505177263 0.929178309374776
8.91487007560973 1.00385559396721
8.9344749160971 0.887081311763294
8.95875005729037 0.991085499064628
8.98602635533037 0.936423339698699
8.98612972661139 0.977675291072893
9.06037809105625 0.883727521850943
8.97024050469938 -1.01920011572994
8.96509758837849 -0.993728889283622
9.07810170959643 -1.05823554388095
9.09533740057687 -0.988359393758374
8.97420281390764 -1.00154208743221
9.13402169616315 -0.933130415210147
9.11102026894709 -0.932569687476966
9.19775061284647 -0.993434089550997
9.09794005831773 -0.98601880580511
9.19682925356866 -0.916144675096039
9.15436673108261 -1.0426227375904
9.30205609838942 -1.01749884477768
9.2498715096958 -1.04323899697365
9.21735614569693 -1.08507611142064
9.21718328706978 -1.04455767163586
9.23710665100567 -0.984077704322842
9.34006031809514 -0.963968625270962
9.32837013968118 -0.941899832844081
9.29731041050118 -0.972230298427524
9.32301616985151 -1.00607546626953
9.35685016999525 -1.05617116638508
9.40908736608171 -0.942843823238555
9.42558991186295 -0.977787844072532
9.52931830663947 -1.04795516094882
9.52877765307265 -0.922720248430144
9.47314291567496 -0.901193828694729
9.44870433892064 -1.04623483010138
9.42389081303998 -0.916444988158647
9.56385096555737 -0.979869521717039
9.44341004993751 -1.05024876055003
9.62242469083727 -1.03828777158792
9.64571815770602 -0.9765243134146
9.60637038187001 -1.04931653923533
9.67643613165489 -1.0097184213079
9.62385594261282 -0.946772268601866
9.711652945944 -0.928368893975581
9.64219398039579 -0.897710569910168
9.66898387461704 -0.984587652155269
9.65713137216918 -1.06255177641918
9.77533251880436 -1.0862699194527
9.72146616015524 -0.96130796084499
9.76427317335704 -1.10897183244991
9.86004576290603 -0.998289184555816
9.8279493782737 -0.958864403622548
9.83981988911796 -0.979592322853051
9.83538956652371 -1.0271706630364
9.8872697158557 -0.978595212182563
9.83169257423853 -1.01689225562743
9.95735161078238 -0.978012904501875
9.94901063480961 -0.968454476974393
9.95604218469997 -0.962512184072817
9.99262509023653 -0.902672591718962
9.9668840020372 -1.00954165254355
9.0468223048007 -0.994254741191741
9.0173694247783 -0.985998667273436
9.14071846683545 -1.04766468197043
9.00269139166729 -0.984655187677336
8.98783413294836 -1.01672382562913
9.08192929770841 -1.05214742717907
9.08078244502248 -1.01290789789234
9.1803218336262 -0.93812335256945
9.18064074745343 -0.992227429577295
9.16987445678327 -0.952115974026283
9.24727549937708 -1.07597525073821
9.23589369025217 -0.962876337076614
9.28454244174963 -1.02331816094783
9.3016991580808 -0.978239403562952
9.28893939122356 -0.972886404444703
9.26026695276668 -0.929287031089152
9.43475295347916 -1.08305485923166
9.28809304348115 -0.998576058510702
9.32200353527426 -1.03073970448361
9.21135500205703 -1.07469846702139
9.45545734309418 -1.01292546376518
9.29174614883307 -0.962880052621768
9.46220344202053 -1.0508295801517
9.48158434164009 -1.01377300790847
9.4645738549794 -1.04751873693746
9.4118599053386 -0.935797944802156
9.57142532327921 -1.01237983566355
9.56039840689928 -0.991049285970295
9.57395806639253 -0.984351851909729
9.58843849014417 -1.04837355396335
9.50604267079715 -1.03646125697974
9.56171759811605 -0.90917179390447
9.6331232961178 -0.98162824041518
9.61644946487854 -0.978760138409973
9.59829355916385 -0.982376862471462
9.70501968777531 -1.0100237870199
9.69005489425028 -0.935837312667897
9.7217128784316 -0.912268091671246
9.68777387969213 -0.988096344647714
9.66633118779092 -1.00651569267158
9.75230546713381 -1.04220469819183
9.78588056659906 -0.946022931339904
9.72309603237515 -0.978229473642181
9.87015970607897 -1.00761884360058
9.84579165474209 -0.93673546010354
9.88674177809277 -0.98649577847348
9.81046937237311 -1.01443613443594
9.79854867999235 -0.985689254858541
9.9043622683884 -1.02805138810323
9.88595204184511 -1.01595054714258
9.96951866050964 -1.0795467879687
